import numpy as np
  
kernel053 = np.matrix('0.024879 0.107973 0.024879; \
                       0.107973 0.468592 0.107973; \
                       0.024879 0.107973 0.024879')
kernel055 = np.matrix('0.000002	0.000212 0.000922 0.000212 0.000002; \
                       0.000212	0.024745 0.107391 0.024745 0.000212; \
                       0.000922	0.107391 0.466066 0.107391 0.000922; \
                       0.000212	0.024745 0.107391 0.024745 0.000212; \
                       0.000002	0.000212 0.000922 0.000212 0.000002')
kernel057 = np.matrix('0 0 0 0 0 0 0; \
                       0 0.000002 0.000212 0.000922	0.000212 0.000002 0; \
                       0 0.000212 0.024745 0.10739 0.024745	0.000212 0; \
                       0 0.000922 0.10739 0.466064 0.10739 0.000922	0; \
                       0 0.000212 0.024745 0.10739 0.024745	0.000212 0; \
                       0 0.000002 0.000212 0.000922	0.000212 0.000002 0; \
                       0 0 0 0 0 0 0')
kernel0511 = np.matrix('0 0 0 0 0 0 0 0 0 0 0; \
                        0 0 0 0 0 0 0 0 0 0 0; \
                        0 0 0 0 0 0 0 0 0 0 0; \
                        0 0 0 0.000002 0.000212	0.000922 0.000212 0.000002 0 0 0; \
                        0 0 0 0.000212 0.024745 0.10739 0.024745 0.000212 0 0 0; \
                        0 0 0 0.000922 0.10739 0.466064 0.10739 0.000922 0 0 0; \
                        0 0 0 0.000212 0.024745 0.10739 0.024745 0.000212 0	0 0; \
                        0 0 0 0.000002 0.000212	0.000922 0.000212 0.000002 0 0 0; \
                        0 0 0 0 0 0 0 0 0 0 0; \
                        0 0 0 0 0 0 0 0 0 0 0; \
                        0 0 0 0 0 0 0 0 0 0 0')
kernel13 = np.matrix('0.077847 0.123317 0.077847; \
                      0.123317 0.195346 0.123317; \
                      0.077847 0.123317	0.077847')
kernel15 = np.matrix('0.003765 0.015019	0.023792 0.015019 0.003765; \
                      0.015019 0.059912 0.094907 0.059912 0.015019; \
                      0.023792 0.094907 0.150342 0.094907 0.023792; \
                      0.015019 0.059912	0.094907 0.059912 0.015019; \
                      0.003765 0.015019 0.023792 0.015019 0.003765')
kernel17 = np.matrix('0.000036 0.000363 0.001446 0.002291 0.001446 0.000363 0.000036; \
                      0.000363 0.003676 0.014662 0.023226 0.014662 0.003676 0.000363; \
                      0.001446 0.014662 0.058488 0.092651 0.058488 0.014662	0.001446; \
                      0.002291 0.023226	0.092651 0.146768 0.092651 0.023226	0.002291; \
                      0.001446 0.014662	0.058488 0.092651 0.058488 0.014662	0.001446; \
                      0.000363 0.003676 0.014662 0.023226 0.014662 0.003676	0.000363; \
                      0.000036 0.000363	0.001446 0.002291 0.001446 0.000363	0.000036')
kernel111 = np.matrix('0 0 0 0 0.000001 0.000001 0.000001 0 0 0 0; \
                       0 0 0.000001 0.000014 0.000055 0.000088 0.000055	0.000014 0.000001 0	0; \
                       0 0.000001 0.000036 0.000362 0.001445 0.002289 0.001445 0.000362 0.000036 0.000001 0; \
                       0 0.000014 0.000362 0.003672 0.014648 0.023204 0.014648 0.003672 0.000362 0.000014 0; \
                       0.000001 0.000055 0.001445 0.014648 0.058433 0.092564 0.058433 0.014648 0.001445 0.000055 0.000001; \
                       0.000001 0.000088 0.002289 0.023204 0.092564 0.146632 0.092564 0.023204 0.002289 0.000088 0.000001; \
                       0.000001 0.000055 0.001445 0.014648 0.058433 0.092564 0.058433 0.014648 0.001445 0.000055 0.000001; \
                       0 0.000014 0.000362 0.003672 0.014648 0.023204 0.014648 0.003672 0.000362 0.000014 0; \
                       0 0.000001 0.000036 0.000362 0.001445 0.002289 0.001445 0.000362 0.000036 0.000001 0; \
                       0 0 0.000001 0.000014 0.000055 0.000088 0.000055 0.000014 0.000001 0 0; \
                       0 0 0 0 0.000001	0.000001 0.000001 0 0 0 0')
kernel153 = np.matrix('0.095332 0.118095 0.095332; \
                       0.118095 0.146293 0.118095; \
                       0.095332 0.118095 0.095332')
kernel155 = np.matrix('0.015026 0.028569 0.035391 0.028569 0.015026; \
                       0.028569 0.054318 0.067288 0.054318 0.028569; \
                       0.035391 0.067288 0.083355 0.067288 0.035391; \
                       0.028569 0.054318 0.067288 0.054318 0.028569; \
                       0.015026 0.028569 0.035391 0.028569 0.015026')
kernel157 = np.matrix('0.0015 0.00438 0.008328 0.010317 0.008328 0.00438 0.0015; \
                       0.00438 0.012788 0.024314 0.03012 0.024314 0.012788 0.00438; \
                       0.008328 0.024314 0.046228 0.057266 0.046228 0.024314 0.008328; \
                       0.010317 0.03012 0.057266 0.07094 0.057266 0.03012 0.010317; \
                       0.008328 0.024314 0.046228 0.057266 0.046228	0.024314 0.008328; \
                       0.00438 0.012788 0.024314 0.03012 0.024314 0.012788 0.00438; \
                       0.0015 0.00438 0.008328 0.010317	0.008328 0.00438 0.0015')
kernel1511 = np.matrix('0.000002 0.00001 0.000047 0.000136 0.000259 0.00032 0.000259 0.000136 0.000047 0.00001 0.000002; \
                        0.00001	0.000072 0.000322 0.000939 0.001785 0.002212 0.001785 0.000939 0.000322 0.000072 0.00001; \
                        0.000047 0.000322 0.001443 0.004212 0.008008 0.009921 0.008008 0.004212 0.001443 0.000322 0.000047; \
                        0.000136 0.000939 0.004212 0.012297 0.02338 0.028963 0.02338 0.012297 0.004212 0.000939 0.000136; \
                        0.000259 0.001785 0.008008 0.02338 0.044453 0.055067 0.044453 0.02338 0.008008 0.001785 0.000259; \
                        0.00032 0.002212 0.009921 0.028963 0.055067 0.068216 0.055067 0.028963 0.009921 0.002212 0.00032; \
                        0.000259 0.001785 0.008008 0.02338 0.044453 0.055067 0.044453 0.02338 0.008008 0.001785 0.000259; \
                        0.000136 0.000939 0.004212 0.012297 0.02338 0.028963 0.02338 0.012297 0.004212 0.000939 0.000136; \
                        0.000047 0.000322 0.001443 0.004212 0.008008 0.009921 0.008008 0.004212 0.001443 0.000322 0.000047; \
                        0.00001 0.000072 0.000322 0.000939 0.001785 0.002212 0.001785 0.000939 0.000322 0.000072 0.00001; \
                        0.000002 0.00001 0.000047 0.000136 0.000259 0.00032 0.000259 0.000136 0.000047 0.00001 0.000002')